1.058271 1.413184 0.7110814 1.645625 -1.21639532432449 0.955911 0.04357346 -0.0002598237 24.16398 116 142 102
1.203475 1.477615 0.8086483 1.720654 -1.21639532432449 0.4358867 0.5607587 1.167961e-05 9.86854 59 153 112
1.21922 1.414791 0.805465 1.59666 -0.739274069604831 0.2911605 0.7071828 -7.152545e-05 27.50301 74.3333333333333 142.666666666667 145
1.365162 1.135707 0.90188 1.2817 0.0846346713394868 0.2868706 0.7112422 0.0002801848 27.69366 74.4 142.8 145.1
1.469368 1.09506 0.9707224 1.235828 -0.438244073940849 0.02868844 0.9709801 -3.320702e-05 27.03385 73.1666666666667 137.666666666667 145.333333333333
1.474898 1.126033 0.9871327 1.279409 -0.0122753416685732 0.003241496 0.9972159 0.0003189289 4.256927 121.875 77.125 87.5
1.483137 1.110435 0.9926469 1.261687 -0.313305337332549 0.006249918 0.9934045 7.721615e-06 7.660851 119.25 87.125 96
1.383252 1.080632 0.9257948 1.227823 -0.915365328660512 0.0008263366 0.9982929 0.000252766 11.91627 113.5 137 106
1.504574 1.126164 0.9968565 1.248309 -0.216395324324493 0.0002439918 0.9997935 2.823081e-06 9.523872 112.2 142.6 116.5
1.506336 1.079553 1.008322 1.260639 0.198578023646327 0.002823857 0.9938611 0.002463162 4.363883 102.961538461538 77.8461538461538 125.884615384615
1.40385 1.095762 0.939719 1.279567 -1.21639532432449 0.01822943 0.9804657 0.0002730311 35.02323 34 101 128
1.444191 1.11692 0.9667224 1.304274 -1.21639532432449 -0.01460466 1.014463 -4.04245e-05 26.88809 42 99 131
1.258807 1.526475 0.8280997 1.64467 -0.915365328660512 0.1946029 0.8041905 0.0002155237 13.94835 128.5 75 106
1.171253 1.559249 0.7705024 1.679981 0.0846346713394868 0.3126461 0.6854526 0.0006098297 19.82293 121.5 159.7 116
1.300901 1.4731 0.8557905 1.587162 -1.21639532432449 0.007446004 0.99124 0.0003934351 20.94595 120 164 116
1.173281 1.543456 0.7718363 1.662965 -1.21639532432449 0.1201991 0.8789495 -7.232164e-05 16.48863 118 134 121
1.411264 1.153366 0.9283925 1.242671 0.0388771807788169 0.002973368 0.9949439 0.0008560928 12.43258 112.555555555556 161.777777777778 113.833333333333
1.504405 1.161977 0.989665 1.251948 -0.102451972017653 0.19536 0.8036559 7.89382e-05 20.90158 132.076923076923 79.1538461538462 115.769230769231
1.179703 1.480167 0.8054823 1.523291 -1.21639532432449 0.5795221 0.3962401 0.02169725 22.61951 125 71 100
1.478175 1.148732 0.9810576 1.251744 0.105823970409427 0.005131677 0.9946428 2.25162e-05 9.597285 57.3809523809524 136.809523809524 123
1.340567 1.107612 0.8934255 1.2565 -0.137214078276873 0.02343683 0.9761594 3.104257e-05 23.3538 107.833333333333 156.166666666667 153.5
1.379862 1.131284 0.9196139 1.283355 0.105823970409427 0.01788757 0.9819539 -1.289124e-05 24.47577 104.761904761905 151.095238095238 155.904761904762
1.406215 1.429243 0.9360842 1.51475 -1.21639532432449 0.1107717 0.8883767 -0.0002573146 17.91153 50 156 109
1.218252 1.469786 0.8109614 1.557719 -0.915365328660512 0.006648097 0.993008 0.0001723945 33.82126 128 112.5 112
1.400757 1.178547 0.932451 1.249056 0.181544684347547 0.0258696 0.9737935 4.468148e-06 20.28102 100.44 162.52 125.6
1.152365 1.485783 0.7784014 1.702199 -0.0702672886462532 0.6865246 0.3133446 0.0005117602 20.51331 65.9285714285714 143.857142857143 133.642857142857
1.221803 1.482775 0.8141175 1.621645 -0.614335332996531 0.1623487 0.8375757 5.500779e-05 35.69234 134.75 118.75 101.75
1.457446 1.136843 0.9711323 1.243314 0.0623582766283368 -0.0003814766 1.000339 8.955911e-07 12.72216 103.368421052632 152.315789473684 117.736842105263
1.337364 1.143177 0.8911183 1.250242 0.385664667003467 0.06817821 0.9308532 0.0002087739 30.94136 49.35 109.875 131.15
1.445066 1.492565 0.9448422 1.666276 -1.21639532432449 0.008605717 0.990617 0.000162124 16.26148 114 123 129
1.368889 1.472052 0.8950348 1.643376 -1.21639532432449 0.005634216 0.9942276 6.679687e-06 12.79195 113 142 131
1.467795 1.054964 0.9597033 1.177746 -1.21639532432449 0.003759313 0.9957541 3.137325e-05 21.33149 109 171 118
1.486184 1.118877 0.9717271 1.249098 -1.21639532432449 0.0004409744 0.998991 9.974984e-06 20.47505 109 170 118
1.537344 1.103414 1.005177 1.231835 0.582945225129087 6.399688e-05 0.9998051 2.066295e-05 11.88771 110.539682539683 115.142857142857 127.809523809524
1.523175 1.169704 0.9959127 1.305839 0.105823970409427 0.0006509172 0.9989421 7.622376e-05 16.20643 114 123.380952380952 128.47619047619
1.522591 1.123061 0.9955315 1.253768 0.396388532395247 0.002949689 0.9968451 -2.677999e-06 12.63236 112.853658536585 140.560975609756 131.146341463415
1.287976 1.414786 0.8716777 1.581244 -1.21639532432449 0.004713147 0.9951594 -2.282204e-07 21.55025 127 132 113
1.156215 1.429996 0.7825043 1.598244 -0.915365328660512 0.004382047 0.9954815 -3.616534e-05 22.11083 108 129.5 140
1.110531 1.425298 0.7515863 1.592992 -1.21639532432449 0.5091388 0.4841026 0.00362777 21.70657 113 124 141
1.460712 1.101464 0.9885823 1.231058 -0.216395324324493 0.001614158 0.9984628 -9.501168e-07 8.526964 108.5 154.8 113.6
1.424425 1.137376 0.9640239 1.271195 0.145332511693097 0.005043519 0.9944974 6.127064e-05 10.85035 61.8260869565217 145.95652173913 116.95652173913
1.469645 1.119712 0.9946281 1.251453 -0.517425319988474 0.001301599 0.9985743 1.804643e-05 11.53751 59.6 132.6 117.8
1.373385 1.170985 0.9294811 1.308758 0.230762707017727 0.009940364 0.9897951 -5.767802e-07 22.12683 107.785714285714 129.5 140.035714285714
1.355227 1.129079 0.9171922 1.261922 0.0846346713394868 0.4920866 0.5002207 0.004861318 21.4208 113.1 123.65 140.75
1.224129 1.132844 0.8284677 1.26613 0.126027356497717 0.4199435 0.576864 0.001299696 29.57098 102.045454545455 136.5 148.681818181818
1.581856 1.043757 1.040162 1.148936 -1.21639532432449 0.001543306 0.9958191 0.002097791 5.428252 127 80 116
1.484078 1.050346 0.9758676 1.15619 -1.21639532432449 0.009328843 0.9897825 1.081718e-05 7.886791 122 151 121
1.583061 1.053727 1.040954 1.159911 -1.21639532432449 8.62044e-05 0.9998373 8.335864e-07 10.41321 122 155 131
1.525903 1.124151 1.003369 1.237431 0.288754653995417 0.002073459 0.9961236 0.001110416 6.005072 128.15625 81.40625 116.34375
1.404831 1.133958 0.9237576 1.248227 -0.313305337332549 0.2136656 0.7845477 0.000475447 20.58382 138.5 74 123.75
1.473951 1.128357 0.9692084 1.242062 0.014053597053777 0.0001436277 0.9997982 5.859169e-08 11.86129 122.117647058824 157.411764705882 131.411764705882
1.445944 1.121619 0.9349434 1.25665 -0.175002639166273 0.006145166 0.9937173 2.266966e-06 27.33473 81.4545454545455 96.9090909090909 146.454545454545
