1.194935 1.458379 0.8029101 1.698254 -0.0702672886462532 0.7399253 0.08031799 0.1788256 4.356401 83.6428571428571 131.357142857143 106.928571428571
1.109325 1.411591 0.7453864 1.64377 -0.915365328660512 0.5512198 0.4517066 -0.0044755 6.349268 80 116.5 126
1.168473 1.394235 0.7851295 1.62356 -0.915365328660512 0.3544242 0.6445222 -0.0004209034 10.75253 75 111.5 130
1.083594 1.43474 0.715865 1.619174 -0.517425319988474 0.9622771 0.01471708 0.01993299 8.470822 99.4 87.2 85
1.164514 1.464646 0.7693241 1.652924 0.014053597053777 0.6891979 0.1279896 0.1791884 3.409303 87.2352941176471 113.470588235294 110.176470588235
1.040711 1.411284 0.687535 1.592702 -0.739274069604831 0.6015913 0.3962673 0.003005222 7.858128 94.6666666666667 93.6666666666667 121
1.156783 1.402324 0.7642164 1.582591 -0.739274069604831 0.7122867 0.2259072 0.05994168 6.608149 80 111 121
1.193703 1.441551 0.7886072 1.62686 -0.915365328660512 0.621183 0.3265368 0.0507924 6.557907 80 113.5 122
1.213233 1.402989 0.8015095 1.583341 0.0388771807788169 0.4945607 0.4588791 0.04585617 6.113456 84.2777777777778 121.333333333333 124.277777777778
1.167232 1.455363 0.7711197 1.642448 -0.614335332996531 0.517171 0.4822013 0.0006923914 9.607252 93 106.5 127
1.260432 1.430881 0.8435931 1.625779 0.014053597053777 0.8566961 0.005147006 0.1361617 4.783412 85.8235294117647 129.470588235294 85.5882352941177
1.092404 1.270773 0.7311334 1.443864 -0.915365328660512 0.6847005 0.2579271 0.05472708 3.244827 94 107.5 98
1.257223 1.456394 0.8329739 1.614357 -0.739274069604831 0.6732084 0.3105215 0.01470903 16.82816 68.6666666666667 109.666666666667 76
1.456342 1.113762 0.9649003 1.234563 -0.614335332996531 0.004277187 0.9954323 1.434448e-05 25.24154 95.25 121.25 76.75
1.193047 1.400566 0.7986103 1.6355 -1.21639532432449 0.6159501 0.3836744 -0.0006467248 9.776601 68 90 100
1.130224 1.498172 0.7565575 1.749478 1.42507878617961 0.664849 0.09756075 0.2337716 5.080273 85.2625570776256 116.187214611872 127.002283105023
1.109294 1.424565 0.742547 1.663524 -0.517425319988474 0.6755537 0.3168457 0.006010285 8.050766 93.2 82 134.2
1.171599 1.403698 0.7842529 1.639157 -0.517425319988474 0.3831472 0.6156322 0.0001143618 20.32864 91 156.8 134.6
1.060885 1.387063 0.710143 1.619732 -0.915365328660512 0.6477201 0.3009323 0.04830899 6.236565 84.5 103 144
1.038186 1.409189 0.694948 1.645569 -0.739274069604831 0.5799205 0.4095372 0.009985597 6.727745 79.6666666666667 105.333333333333 146
0.9996954 1.414472 0.6691831 1.651738 -1.21639532432449 0.4270389 0.5726857 -0.001382146 5.741675 87 105 146
0.818044 1.252147 0.5475881 1.462184 -1.21639532432449 0.4664378 0.001587578 0.5270742 2.321706 87 103 131
1.212241 1.247734 0.8114583 1.457031 -0.517425319988474 0.3252679 0.07607302 0.5934027 2.8589 82.2 108 133.6
1.150653 1.491912 0.7569509 1.607431 -0.739274069604831 0.759423 0.232169 0.006662524 8.377871 62 99 87
0.8195767 1.451056 0.5391541 1.563411 -1.21639532432449 0.5573265 0.01535906 0.4226673 2.925611 98 108 112
1.068064 1.512939 0.70262 1.630085 0.0623582766283368 0.4767891 0.5226095 -0.0002981612 5.93446 95.4210526315789 125.947368421053 129
1.087525 1.471931 0.7425442 1.514815 -0.175002639166273 0.8318956 0.03070152 0.1330717 7.387534 116.545454545455 106.090909090909 74.8181818181818
1.381873 1.4152 0.9435206 1.456432 -1.21639532432449 0.649603 0.3629369 -0.01523247 7.468628 80 158 78
1.098909 1.435169 0.7503169 1.476982 -0.739274069604831 0.4053191 0.5807118 0.01189431 8.208625 79 161 78
1.185027 1.642407 0.809117 1.690258 1.29010970808038 0.377189 0.202336 0.4146121 2.83028 85.9501557632399 111.853582554517 92.1339563862928
1.317726 1.503919 0.8997217 1.547735 -0.438244073940849 0.0003313456 0.9996471 -2.159207e-06 13.33095 58.6666666666667 132.5 106.333333333333
1.142279 1.403647 0.7799293 1.444542 -0.262152814885168 0.4792815 0.5200152 0.0002288195 11.41753 80.1111111111111 133.777777777778 109
1.452948 1.176362 0.992049 1.210635 -0.614335332996531 0.008311456 0.9892504 0.001350867 25.55929 101.75 121.5 69.75
1.4792 1.153224 1.009974 1.186823 -0.517425319988474 -0.00199176 0.9998043 0.0008331236 14.30879 124.8 110.6 71
1.42915 1.153072 0.9758002 1.186666 -0.438244073940849 0.01772078 0.9818614 -7.79496e-05 20.38061 100.333333333333 118.5 73.1666666666667
1.556559 1.155024 1.062793 1.188675 -0.313305337332549 0.002047008 0.9975393 0.0001359508 19.81939 65.75 122.375 78.25
1.469618 1.163476 1.003431 1.197374 0.848062664902427 0.01016933 0.9890277 7.231532e-05 7.411119 118.810344827586 87.7844827586207 92.6465517241379
1.463441 1.205426 0.9992138 1.240545 0.965448263620277 0.290747 0.2472876 0.4562437 1.647047 90.0723684210526 112.625 94.8026315789474
1.436492 1.143283 0.9808136 1.176592 0.634863024394587 0.003258559 0.9962474 1.864586e-05 11.66913 60.3661971830986 142.183098591549 99.5211267605634
1.529597 1.194831 1.044384 1.229642 0.652836395406487 0.2276082 0.3085947 0.4592453 0.8372294 82.6216216216216 124.716216216216 99.2837837837838
1.430607 1.161602 0.9767952 1.195444 0.756732529275207 0.001065635 0.9988462 2.314699e-06 10.65331 61.5744680851064 134.042553191489 107.744680851064
1.435262 1.144887 0.9799736 1.178243 0.616113588381747 0.001648835 0.9980438 2.951264e-05 10.97941 66.6176470588235 138.470588235294 112.852941176471
1.245454 1.425843 0.8305399 1.584669 -1.21639532432449 0.790686 0.2077738 5.260423e-06 9.932066 75 143 87
1.144988 1.428644 0.7635435 1.587783 -0.614335332996531 0.1513884 -0.004725193 0.8496246 3.284086 67.5 86 89
1.049829 1.490726 0.700086 1.656779 0.288754653995417 0.5034723 0.006276083 0.485937 3.586119 80.3125 96.03125 97.75
1.070967 1.441727 0.714182 1.602322 0.979504328084737 0.6194338 0.3294213 0.04863773 7.313407 86.4140127388535 123.872611464968 111.152866242038
1.035679 1.44363 0.6906497 1.604438 -0.915365328660512 0.5460349 0.450964 0.002183436 8.862919 98 92.5 114
1.238859 1.117052 0.8261418 1.241482 -0.739274069604831 0.0002861916 0.9992459 -8.352561e-05 16.12321 77 116 85
0.8203463 1.337936 0.5470536 1.486971 -1.21639532432449 0.3736241 0.005912772 0.6154444 3.244434 80 93 96
1.03887 1.432058 0.6894928 1.560477 -0.371297284310236 0.9196659 0.0150231 0.06216606 7.653375 102.571428571429 76.7142857142857 88
1.22929 1.466577 0.8158742 1.598091 -0.175002639166273 0.8055884 0.02149194 0.1713704 7.653766 76.7272727272727 94.7272727272727 96.5454545454545
1.366898 1.442924 0.9072037 1.572318 -0.517425319988474 0.5748817 0.3395475 0.08365478 5.987438 79 124.2 100.6
1.268789 1.462 0.8420889 1.593104 -1.21639532432449 0.6551052 0.3332795 0.008839607 7.631773 83 129 101
1.118578 1.457396 0.7423947 1.588087 -0.614335332996531 0.4602564 0.5374184 0.001943449 11.03197 78.5 97 119
1.226637 1.391169 0.8141128 1.515922 -1.21639532432449 0.4536099 0.5427892 0.002809197 8.233306 93 100 121
1.15448 1.459227 0.7662225 1.590082 -0.739274069604831 0.8516825 0.1413475 0.004875171 13.06224 90 88 122
1.158596 1.488437 0.7689544 1.621912 0.302118615553397 0.4575087 0.5285861 0.01394616 6.526517 79.5757575757576 128.727272727273 124
1.068787 1.416872 0.7093486 1.54393 -1.21639532432449 0.6758879 0.3241553 -1.503625e-05 7.283221 79 138 125
1.057804 1.430604 0.7020591 1.558892 0.568934510686277 0.6559088 0.3426808 0.0009484295 10.60102 73.9016393442623 125.83606557377 128.737704918033
1.167673 1.453825 0.7749793 1.584197 -0.739274069604831 0.6480402 0.3500281 0.001488414 12.07948 90.3333333333333 113.666666666667 130
1.055809 1.456699 0.7007356 1.587328 -0.915365328660512 0.5889648 0.4106833 0.0009076854 11.43718 93 116 130.5
1.153777 1.436314 0.7657559 1.565115 -1.21639532432449 0.5159323 0.4842886 0.001105566 11.81144 89 145 130
1.106453 1.42213 0.7343476 1.549659 -0.915365328660512 0.2349299 0.7655015 0.0006464894 22.76816 113.5 133 136
1.543671 1.16092 1.024527 1.265025 -0.262152814885168 0.02975071 0.9700423 2.141098e-05 9.868638 105.777777777778 76.1111111111111 80.2222222222222
1.540585 1.102144 1.022479 1.200979 1.64214187324515 0.004840161 0.9977463 0.001247089 6.872972 99.6952908587258 128.62188365651 128.648199445983
1.051559 1.419049 0.6929527 1.601977 0.145332511693097 0.3670843 0.6322103 -0.0005367215 23.59658 50.1304347826087 102.304347826087 71.8695652173913
1.306644 1.449499 0.861048 1.636352 0.531792702681707 0.7980226 0.1527135 0.04727289 13.37774 85.7678571428571 112.071428571429 84.7678571428571
1.11084 1.4435 0.7320177 1.62958 2.02713877750757 0.745326 0.1116019 0.1403143 8.597474 91.5485159817352 119.804794520548 108.410388127854
1.339837 1.420493 0.8829216 1.603607 0.446362507357077 0.6294259 0.2097549 0.1587267 16.44542 85.8260869565217 99.2391304347826 87.1739130434783
1.413083 1.421326 0.9311886 1.604548 -0.739274069604831 0.6013538 0.2693084 0.1288094 4.525372 88.6666666666667 117.333333333333 96
1.158472 1.426706 0.7634062 1.610622 -0.614335332996531 0.3393927 0.6625571 0.0001045769 12.30295 99.25 147.5 101.25
1.151351 1.42959 0.7587138 1.613878 -0.739274069604831 0.3260999 0.6767544 0.0009334224 6.776088 96.3333333333333 131.666666666667 111
0.9489494 1.410684 0.6253356 1.592535 -0.614335332996531 0.2810988 0.7171998 1.665564e-05 11.08688 81.25 139.5 111.75
1.037246 1.401936 0.6835213 1.582659 -0.915365328660512 0.6145974 0.3859233 0.0002027438 11.19045 99 130.5 118
1.068048 1.408029 0.7038187 1.589537 -0.739274069604831 0.5857171 0.4144587 -0.0003032954 11.20651 96.3333333333333 93.3333333333333 123
1.074235 1.38281 0.7078958 1.561066 -0.614335332996531 0.4594625 0.5332508 0.005262946 22.19048 59.75 130.25 130
1.533055 1.131545 1.010248 1.277411 1.06463804292324 0.3393345 0.3336276 0.3218633 4.099411 89.7958115183246 83.8062827225131 101.664921465969
1.16755 1.22929 0.7693886 1.387757 -0.739274069604831 0.3649619 0.00128707 0.6306227 2.447436 90 123.666666666667 96.3333333333333
0.9589206 1.244612 0.6319064 1.405053 -0.915365328660512 0.2844307 0.04861864 0.6621946 2.009294 91 103.5 107
1.391427 1.150173 0.9169182 1.29844 0.473800755704017 0.3028448 0.1593481 0.5327435 0.6607034 89.5714285714286 107 110.877551020408
1.069311 1.44916 0.7126463 1.64396 -0.517425319988474 0.9729297 -0.00151769 0.02501699 8.594581 112.4 88.8 93
1.011101 1.539174 0.6738519 1.746075 1.15467253794725 0.7473876 0.08271846 0.1668092 4.98905 86.1574468085106 109.897872340426 109.570212765957
1.082505 1.445536 0.721439 1.639848 -0.915365328660512 0.5408081 0.4572343 -1.37184e-05 8.228558 89 161.5 131
1.07195 1.439088 0.7144046 1.632535 -0.216395324324493 0.5985621 0.3882686 0.01182528 7.158745 88.8 152.9 133
1.215674 1.398251 0.8101899 1.586208 -1.21639532432449 0.751323 0.2437836 0.002834695 7.139454 100 131 138
1.242297 1.417948 0.8279334 1.608553 -1.21639532432449 0.5822138 0.4196393 -0.001287321 10.77881 102 146 140
1.455918 1.135046 0.9703019 1.287622 1.00371276371556 0.2977068 0.1764121 0.5201079 0.7744959 94.7590361445783 128.198795180723 128
1.327425 1.150905 0.884667 1.305613 0.747392503021067 0.2938835 0.150492 0.551258 1.880334 93.6195652173913 152.630434782609 126.923913043478
1.07746 1.420597 0.7172398 1.505587 -0.371297284310236 0.4758147 0.5204495 0.001735705 18.93068 47.8571428571429 106.285714285714 76
0.8233182 1.418021 0.5480636 1.502857 -0.915365328660512 0.4363243 0.000171371 0.560833 5.605941 53 95.5 86
0.7272362 1.414918 0.484104 1.499569 -1.21639532432449 0.4995821 -0.001647187 0.4986279 6.576599 52 97 86
0.8887332 1.371991 0.5916088 1.454073 -1.21639532432449 0.5475726 0.002562799 0.447179 4.162035 101 97 99
1.003973 1.424927 0.6683211 1.510176 0.315083592717767 0.7912155 0.06265718 0.1432696 10.1352 78.3529411764706 144.088235294118 123.058823529412
1.023556 1.429357 0.6813573 1.514871 0.0388771807788169 0.8330372 0.1088146 0.05529585 8.17519 77.5555555555556 135.944444444444 124.611111111111
1.16911 1.448336 0.7782488 1.534986 -0.915365328660512 0.634814 0.3617006 0.001085317 9.871193 73 103.5 128
1.090887 1.494564 0.7261777 1.583979 -0.614335332996531 0.7830844 0.2090579 0.005750715 11.78025 75 103.5 129
1.42267 1.109299 0.9470381 1.175665 -0.614335332996531 0.03743358 0.9621243 9.688881e-05 16.4386 64.25 125.25 92.75
1.115656 1.408814 0.7536047 1.614018 -0.915365328660512 0.7098027 0.2782038 0.007468072 6.787772 116 104.5 96
1.177831 1.410234 0.7956027 1.615645 -0.915365328660512 0.4196973 0.5742855 0.002172919 12.84458 103 83.5 127
1.159483 1.453285 0.7832091 1.664966 0.0388771807788169 0.7690637 0.006952609 0.2227925 5.74004 93.9444444444444 143.388888888889 131.777777777778
1.063158 1.415671 0.7181437 1.621874 -0.371297284310236 0.8989642 0.07671847 0.02095751 10.28156 87.2857142857143 88.7142857142857 138.285714285714
1.045522 1.417687 0.7062309 1.624184 -0.517425319988474 0.531252 0.4270371 0.03659878 6.77868 96.4 118.6 148
1.003853 1.399824 0.6780843 1.603719 -0.739274069604831 0.6721719 0.3245976 0.0005606099 6.28554 102 120 148
1.333298 1.215481 0.9006183 1.392525 -1.21639532432449 0.7659397 0.2399094 -0.001879693 7.540064 101 140 125
1.082924 1.409596 0.7215785 1.541612 -0.438244073940849 0.7469723 0.2747944 -0.0220196 5.340683 57.5 93 74
0.8608931 1.39487 0.5736342 1.525507 -1.21639532432449 0.454695 0.009181698 0.5314907 6.999266 56 103 74
0.8672904 1.423543 0.5778969 1.556865 -0.915365328660512 0.4385349 0.02074768 0.5371604 3.757278 95.5 105 88
1.126686 1.424576 0.7507383 1.557995 -0.313305337332549 0.6013066 0.3949374 0.001365087 10.68456 89.5 150.125 113.125
1.105857 1.400534 0.7368594 1.531702 -1.21639532432449 0.3661419 0.6318109 -0.0002851784 10.5577 90 146 114
1.070508 1.409401 0.7133061 1.541399 -0.175002639166273 0.3043544 0.6935418 -0.0003429372 10.84294 90.7272727272727 142.454545454545 115.454545454545
0.8676565 1.285218 0.5781409 1.405586 -0.614335332996531 0.238987 -0.0007816646 0.7581202 1.783468 108.5 96.5 78
1.533048 1.144506 1.021507 1.251696 0.917143584045727 0.3010556 0.4844916 0.2093623 5.6266 84.2794117647059 97.7058823529412 91.1691176470588
1.370085 1.177155 0.9129213 1.287402 0.582945225129087 0.4167196 0.2760656 0.2990043 4.027316 83.9523809523809 153.920634920635 93.8412698412698
1.288838 1.45675 0.842694 1.626293 -0.614335332996531 0.4640322 0.5486914 -0.01420271 6.01467 81 113.5 131
1.092959 1.455575 0.7146207 1.624981 -0.216395324324493 0.5946965 0.4033203 8.584234e-05 11.63146 95 147.8 133
1.089628 1.430696 0.7124427 1.597208 -0.915365328660512 0.6185935 0.3792506 0.0002369308 10.61032 72 127.5 138
1.63321 1.134995 1.067858 1.267091 -0.438244073940849 0.07583772 0.9122365 0.002859193 18.23996 68 120.5 97
1.440945 1.087219 0.9421477 1.213755 -0.614335332996531 -0.0001009586 1.000055 1.137606e-05 16.41159 64 114.5 106
1.292182 1.079345 0.8448803 1.204965 -0.614335332996531 0.09125059 0.90701 0.0001815283 19.26359 59.75 114.75 107.5
1.108244 1.473165 0.7500386 1.646491 -0.0702672886462532 0.6575727 0.05315519 0.2859991 3.551438 83.7142857142857 117.642857142857 105
1.199768 1.3887 0.8119804 1.552088 -0.739274069604831 0.327617 0.6679623 0.002385932 7.652763 74.3333333333333 91.6666666666667 116
1.019792 1.392269 0.6901758 1.556078 -0.915365328660512 0.5513872 0.4453638 0.0001432495 11.05652 77 150.5 116
1.101873 1.407291 0.745727 1.572866 -0.517425319988474 0.5012683 0.4916896 0.004098217 9.489133 72.4 88.2 117
1.103654 1.41281 0.7469322 1.579036 -0.517425319988474 0.6233014 0.3736622 0.001663182 8.624372 76.2 93.4 117
1.114691 1.431934 0.7544017 1.600409 -0.313305337332549 0.8681514 0.03841059 0.0895481 7.641588 87 106.625 118.125
1.06462 1.425378 0.7205148 1.593082 0.523967365169747 0.7130479 0.2846006 0.0010643 11.09962 80.8545454545455 140.618181818182 119.927272727273
1.250849 1.394894 0.8465509 1.559011 -1.21639532432449 0.7447417 0.2481624 0.005273906 8.158463 101 96 124
1.10829 1.414448 0.7500697 1.580866 -0.915365328660512 0.2758483 0.7243844 0.0004430405 9.991312 96 105.5 125
1.08827 1.396137 0.7365206 1.5604 -0.517425319988474 0.4373603 0.560885 2.145964e-05 10.52904 79.2 118.6 125
1.097243 1.392031 0.7425933 1.555811 -1.21639532432449 0.2319791 0.7690728 0.0001686115 9.686449 96 117 125
1.042511 1.378104 0.7055519 1.540246 -1.21639532432449 0.4448202 0.5530137 0.001632344 11.48861 82 119 125
1.085503 1.389565 0.7346479 1.553056 -0.371297284310236 0.5838157 0.4166216 -0.001779564 11.85859 83.5714285714286 121.285714285714 125
1.110381 1.387252 0.751485 1.55047 -1.21639532432449 0.439498 0.5575581 0.0001039985 10.54272 78 121 125
1.134943 1.40903 0.7681082 1.57481 -0.371297284310236 0.6272994 0.3729757 -0.001190323 11.88286 81.8571428571429 114.285714285714 126
1.351817 1.463511 0.8888981 1.610989 0.515998435498477 0.7718516 0.08038794 0.1456876 22.7446 96.962962962963 101.277777777778 87.6851851851852
1.25841 1.594143 0.8274775 1.754785 0.877026360837747 0.3902774 0.1231088 0.4812205 2.068372 96.9838709677419 109.451612903226 117.346774193548
1.05347 1.439865 0.6927177 1.58496 -0.371297284310236 0.536962 0.2071183 0.2515587 2.985078 106.857142857143 112.428571428571 118
1.021734 1.422658 0.6718494 1.566019 -0.371297284310236 0.8732144 0.1207227 0.004489667 9.043396 79 91 128
1.067663 1.424274 0.7020504 1.567799 -0.915365328660512 0.5512193 0.4461601 0.002636426 9.863493 101 98.5 129
1.071332 1.431535 0.7044626 1.57579 -1.21639532432449 0.4945743 0.5025332 0.002829143 9.459464 101 101 130
1.106459 1.420207 0.7275608 1.563321 -0.915365328660512 0.3437821 0.6546422 0.0006101552 5.672818 89 115.5 130
1.047777 1.422819 0.688974 1.566196 -0.517425319988474 0.3856636 0.6125441 0.0005627945 11.75625 102.8 151 132.4
1.544745 1.167975 1.015759 1.285672 1.18327839715655 0.3496359 0.2304962 0.4138432 3.538139 97.9402390438247 101.733067729084 111.250996015936
1.05583 1.453926 0.7007559 1.576566 -0.614335332996531 0.4751069 0.5234978 -0.001312617 21.75064 52.25 104.75 84.25
1.154939 1.495599 0.7665346 1.621755 -0.739274069604831 0.7584835 0.2283047 0.01059712 5.99314 71.6666666666667 87.6666666666667 99
1.303856 1.454287 0.8653706 1.576958 -1.21639532432449 0.7849757 0.1952397 0.01791447 9.530684 103 88 100
1.267916 1.500887 0.8415172 1.627489 -1.21639532432449 0.724188 0.2778614 -0.00447931 10.81047 99 131 105
1.316248 1.480812 0.8735951 1.605721 -1.21639532432449 0.661988 0.2282442 0.08210722 8.330811 89 149 117
1.113593 1.450786 0.7390931 1.573162 -0.915365328660512 0.5092213 0.4746367 0.01597555 8.853767 91 146.5 133
1.05476 1.45729 0.7000451 1.580214 -0.915365328660512 0.5030785 0.4990056 0.0003006893 12.15772 84.5 151 135
1.13779 1.462528 0.7551523 1.585895 -1.21639532432449 0.540315 0.4549789 0.0008487012 9.111762 105 102 137
1.017243 1.469176 0.6751456 1.593103 -0.739274069604831 0.8156258 0.1842726 -0.00420328 11.18688 97 113.333333333333 141.666666666667
1.172772 1.445078 0.7783702 1.566973 -0.517425319988474 0.6683254 0.3307864 -9.286608e-06 11.87501 102.6 116.2 144
0.9466488 1.282905 0.6282919 1.39112 -0.915365328660512 0.2458871 -4.84176e-05 0.7515886 4.299285 65 87.5 99
1.475567 1.112816 0.9793356 1.206684 -0.614335332996531 0.0250549 0.9746954 0.0001386974 18.10655 115.5 91 143.5
1.305848 1.41815 0.8648849 1.591787 -1.21639532432449 0.8026874 0.1697179 0.02446492 6.751459 111 90 82
0.946909 1.427065 0.6271534 1.601794 -0.0403040652688131 0.6058408 0.03484093 0.3561805 2.962569 91.4 102.6 106.066666666667
1.115365 1.47764 0.7387246 1.658561 -0.0702672886462532 0.7652894 0.1197545 0.1123582 3.829678 89.7142857142857 110 107.071428571429
1.055494 1.4005 0.6990713 1.571976 -1.21639532432449 0.3825207 0.6154248 7.222021e-05 10.44026 94 134 126
1.414747 1.213838 0.93701 1.36246 -0.614335332996531 0.1696271 0.829091 0.0001397028 7.11491 93 143.5 117
0.9709617 1.19244 0.6430839 1.338441 -0.739274069604831 0.601787 0.320999 0.07347394 6.757564 84 112 120
1.542517 1.474087 0.9973868 1.651551 -0.262152814885168 0.01807839 0.9798555 -0.0002237038 28.68457 101.777777777778 134.444444444444 89.7777777777778
1.157294 1.465018 0.7483029 1.64139 -0.739274069604831 0.8364645 0.1617311 0.000131298 10.03359 118 114 90
1.488161 1.46237 0.9622404 1.638423 -0.371297284310236 0.004647756 0.9924024 0.0001435481 27.53742 98.5714285714286 132.714285714286 90.2857142857143
1.472099 1.474664 0.9518547 1.652197 -0.0122753416685732 0.233652 0.7478708 0.01827695 25.45998 71.75 131.5625 98.6875
1.305239 1.520368 0.843964 1.703404 1.22920887894911 0.6750152 0.203863 0.1135466 15.28734 85.8781362007169 143.78853046595 101.670250896057
1.355991 1.511879 0.8767798 1.693893 1.35763594340323 0.6086982 0.3180509 0.07135781 13.79618 96.1733333333333 142.392 103.32
1.614063 1.458838 1.043648 1.634465 -0.915365328660512 0.1207001 0.8688534 0.009905935 19.45162 97 135.5 99
1.598945 1.482893 1.033873 1.661416 -0.517425319988474 0.03754133 0.9687683 -0.007711582 24.72226 112.2 133.4 100
1.624188 1.474673 1.050195 1.652207 0.246002673574467 0.02298274 0.976588 -0.0001339728 16.15964 98.8620689655172 137.724137931034 102.379310344828
1.632028 1.479075 1.055264 1.657139 -0.739274069604831 0.002325567 0.9969102 0.0003645463 24.1486 69 129.666666666667 101.666666666667
1.596075 1.503315 1.032017 1.684297 -0.517425319988474 0.1279856 0.8749074 -0.01875814 18.3544 76.2 140.4 102
1.757531 1.461047 1.136414 1.636941 -0.739274069604831 -0.001282978 1.000158 0.0001235928 13.4252 103.333333333333 140.666666666667 106
1.175928 1.451662 0.7603517 1.626426 -0.438244073940849 0.6814666 0.3156617 0.005530109 6.260447 94.5 133 131
1.166219 1.462135 0.7540739 1.63816 -0.614335332996531 0.4153133 0.5844542 -0.0002260812 9.66363 101 118.5 132
