1.119783 1.4603 0.7425913 1.590319 0.374816572228305 0.425990555435419 0.572521965950727 0.000127132162560883 12.926745891571 -1 -1 -1
1.196466 1.552439 0.7934443 1.690661 0.869666593908399 0.608497416973114 0.387170996367931 0.00177354443469085 12.5495704650879 -1 -1 -1
1.490757 1.068705 0.9886053 1.163857 -0.528273414763638 0.00196096068248153 0.997944951057434 0 17.6966667175293 -1 -1 -1
1.503343 1.110366 0.9969514 1.209227 -0.051152160043976 0.00149927761716147 0.998279472192129 6.47951583232498e-06 16.984992980957 -1 -1 -1
1.508676 1.132166 1.000488 1.232968 1.07378657656432 0.0023245509735716 0.997502455115318 8.52860277849032e-06 11.6622536182404 -1 -1 -1
1.464619 1.153682 0.9712716 1.2564 0.903090349395349 0.000523761511970035 0.99928136004342 1.29242186327853e-05 8.7755689797578 -1 -1 -1
1.504596 1.107609 0.9977828 1.206226 0.750480186189191 0.0246859170606752 0.99141568259189 0.00881225634331809 5.13661555240029 -1 -1 -1
1.596879 1.10936 1.05898 1.208132 -0.528273414763638 0.210388511419296 0.983209371566772 0.0803881958127022 2.65463328361511 -1 -1 -1
1.513212 1.152171 1.003496 1.254754 1.17069658957238 0.0206717487843707 0.991616412401199 0.00146758149416883 5.03990990638733 -1 -1 -1
1.534802 1.130132 1.017813 1.230754 1.62706262270142 0.0257240283371957 0.968251540527477 0.00596177223003129 4.72084839027245 -1 -1 -1
1.473963 1.161692 0.9774676 1.265124 1.50515034072331 0.000900868778478104 0.998920517387214 8.66369036732227e-06 9.74382006680524 -1 -1 -1
1.478616 1.13724 0.9805535 1.238495 0.513119270394587 7.71068916947115e-05 0.999893508174203 0 10.5475642464378 -1 -1 -1
1.029321 1.532221 0.6723656 1.731493 -0.0511541791524166 0.875427464644114 0.122916623950005 0.000631138837585847 21.5442282358805 -1 -1 -1
1.594143 1.025312 1.041314 1.158659 -0.227245438208098 0.000841431436128914 0.998847931623459 1.06199406673113e-05 8.2619686126709 -1 -1 -1
1.563249 1.048486 1.021134 1.184847 -0.0511541791524166 0.000882920731479923 0.999038636684418 1.13549344860076e-06 11.9464858373006 -1 -1 -1
1.543566 1.117136 1.008278 1.262425 0.17069457046394 0.000182795723958407 0.999753928184509 0 21.1062309265137 -1 -1 -1
1.475231 1.084477 1.009756 1.182169 -0.22724481694303 0.0970182819291949 0.90248841047287 1.35715754367993e-06 21.182765007019 -1 -1 -1
1.488018 1.111846 1.018508 1.212004 0.513117872551214 0.0396718682975254 0.958899557590485 0.000257462420532565 12.7689169970426 -1 -1 -1
1.100857 1.027784 0.7234319 1.179311 0.3748162098249 0.00434287995449267 0.994243532419205 0.000540956119948532 5.36051774024963 -1 -1 -1
1.542412 1.022994 1.013601 1.173815 0.425968732272281 0.0130407843324873 0.985774252149794 0.00042516234397125 3.63946713341607 -1 -1 -1
1.592173 1.037997 1.046302 1.191029 -0.528273777167044 0.0176487248390913 0.979630947113037 0.00193717645015568 3.0490243434906 -1 -1 -1
1.533962 1.022625 1.008048 1.173391 -0.0511525224473813 0.0037881953176111 0.995593905448914 3.82638166532464e-05 5.38109906514486 -1 -1 -1
1.437084 1.009495 0.9443846 1.158325 -0.528273777167044 0.0107763782143593 0.988993167877197 3.57831879682635e-08 31.0037574768066 -1 -1 -1
1.297491 1.068383 0.8526506 1.225896 0.2498774732166 0.0175902399544915 0.980019827683767 0.00152554700616747 3.80387357870738 -1 -1 -1
1.47995 1.083534 0.9725538 1.24328 0.513118907991181 0.00762884515676309 0.991475549611178 0.00028686663584019 4.0713005065918 -1 -1 -1
1.439604 1.074583 0.9460404 1.233009 0.425968732272281 0.00719509077154928 0.991648568047418 0.000323767615352861 4.21049242549472 -1 -1 -1
1.32067 1.07867 0.8678824 1.237699 0.316824262847213 0.00519682114411678 0.993798553943634 0.000128249032318958 5.02868604660034 -1 -1 -1
1.260319 1.451286 0.8326263 1.686506 -0.227243470871554 0.181477122008801 0.23220381885767 0.603278875350952 0.349164202809334 -1 -1 -1
1.181027 1.498326 0.7802421 1.74117 1.39600581952635 0.76196239959626 0.128557086644356 0.107565483672217 4.82783619562785 -1 -1 -1
1.236667 1.493186 0.8306124 1.733819 1.00320433740945 0.542790813261972 0.45098688409609 0.00385559912212878 12.2508047608768 -1 -1 -1
1.565471 1.053472 1.019693 1.192493 -0.0511497267718009 0.0338010371973117 0.965637723604838 8.46732873469591e-05 22.0663401285807 -1 -1 -1
1.165449 1.491002 0.7992643 1.645761 0.170694104514385 0.648756182193756 0.305104798078537 0.0426487814635038 25.1683700561523 -1 -1 -1
1.163286 1.467122 0.7977811 1.619402 -0.528275899821633 0.544262945652008 0.445496410131454 0.00838877633213997 32.2326049804688 -1 -1 -1
1.212703 1.525866 0.8316715 1.684244 1.28463745682122 0.587616803554388 0.125957451703457 0.285873821549691 1.73355132524784 -1 -1 -1
1.499213 1.129802 1.028159 1.24707 1.11517677666455 0.00338200959033036 0.996168865398927 0.000102494910152018 5.30453210527247 -1 -1 -1
1.540326 1.042751 1.02773 1.212165 -0.528271758066208 6.86368221067823e-05 0.999913156032562 0 13.963906288147 -1 -1 -1
1.389621 1.002958 0.9271768 1.165908 -0.0511505033465458 0.0438776357720296 0.955535153547923 6.70665316041171e-05 21.3577893575033 -1 -1 -1
1.438729 1.061505 0.9599422 1.233967 -0.528271758066208 0.00118486222345382 0.998726844787598 3.06009906125837e-06 10.1617736816406 -1 -1 -1
1.53775 1.055178 1.026011 1.226611 0.0737882332617542 0.0092399517307058 0.990396335721016 1.92943412358204e-08 32.2217245101929 -1 -1 -1
1.461197 1.086835 0.9749332 1.263412 0.170698246269811 0.00419310717843473 0.995582127571106 4.72170428764684e-06 5.90726919174194 -1 -1 -1
1.5205 1.091385 1.014501 1.268701 0.88670158990461 0.00348296582412261 0.993521293768516 0.00253296936324869 4.38945579528809 -1 -1 -1
1.293433 1.090327 0.8629984 1.267471 0.170698246269811 0.1146429926157 0.884630310535431 3.21544557664311e-05 35.4474884033203 -1 -1 -1
1.445717 1.052335 0.964605 1.223306 -0.0511505033465458 0.00364627627034982 0.994871079921722 0.000287207508032831 20.829402923584 -1 -1 -1
1.619497 1.050713 1.067723 1.191186 0.0737852304930084 0.0122762231039815 0.995682463049889 0.00319038048110087 5.02828550338745 -1 -1 -1
1.56572 1.044812 1.032268 1.184497 0.750478840117875 0.000221977521218114 0.999644724946273 1.80191876179423e-05 11.7602732307033 -1 -1 -1
1.57752 1.084032 1.040048 1.22896 1.47604661294769 0.00367081877925332 0.9967334187857 4.65990042672465e-05 5.00465165742553 -1 -1 -1
1.560826 1.085365 1.029042 1.230471 0.471725239165046 0.0138902358943596 0.990046048164368 0.000888370189204579 5.39165067672729 -1 -1 -1
1.485042 1.090605 0.9790781 1.236412 0.316823279179303 0.000649709277890257 0.999232496534075 3.3684677193589e-07 11.6600032533918 -1 -1 -1
1.283845 1.488547 0.8556253 1.685981 1.00320513987521 0.765181020778768 0.231007249998477 0.130842587088837 4.18578823874978 -1 -1 -1
1.246633 1.490461 0.8308249 1.688149 1.19600209243375 0.630282536430179 0.134365626435094 0.231981096780455 2.19325603122981 -1 -1 -1
1.072642 1.508007 0.7148674 1.708022 -0.528273777167044 0.911749958992004 0.0836656093597412 0.00254276976920664 10.6419849395752 -1 -1 -1
0.900921 1.474221 0.6004234 1.669754 0.170696227168975 0.869204926490784 0.102685295045376 0.0250761386007071 15.1664438247681 -1 -1 -1
1.528482 1.046832 1.018664 1.185679 0.3748162098249 0.00377580945496447 0.995997712016106 4.67217342148274e-07 11.2983862161636 -1 -1 -1
1.566765 1.040864 1.044178 1.178919 0.0737862141609186 0.00242097693262622 0.997296348214149 7.88469086909771e-07 12.0934772491455 -1 -1 -1
1.509349 1.045232 1.005913 1.183867 0.316824262847213 0.000949268000632791 0.99889177935464 4.64945997334455e-06 12.2646647862026 -1 -1 -1
1.425138 1.037925 0.9497903 1.175591 -0.528273777167044 0.0126601466909051 0.987134397029877 0 13.5912790298462 -1 -1 -1
1.603937 1.082523 1.068952 1.226103 -0.528273777167044 0.00925950333476067 0.990518391132355 0 8.99816703796387 -1 -1 -1
1.532258 1.030266 1.001925 1.170667 -0.0511520047283234 0.015472996669511 0.984348177909851 1.0358940774798e-06 24.204293568929 -1 -1 -1
1.383752 1.052529 0.9048182 1.195964 -0.227243263784005 0.00425196182914078 0.995619475841522 0 16.6431312561035 -1 -1 -1
1.533329 1.075259 1.002625 1.221792 -0.528273259447986 0.00505621498450637 0.994766771793365 0 25.5685329437256 -1 -1 -1
1.527283 1.079672 0.9986717 1.226806 -0.528273259447986 0.000504011462908238 0.999397397041321 0 13.4408922195435 -1 -1 -1
1.41534 1.085146 0.9254737 1.233026 0.72699924565532 0.00108365748464065 0.998597830533981 5.99199538934651e-06 11.6471600002713 -1 -1 -1
1.324928 1.536911 0.8706822 1.630662 0.425970078340548 0.727216780185699 0.195853727559249 0.0731265763234761 29.4065021938748 -1 -1 -1
1.517049 1.152146 0.9969351 1.222426 1.46295364459372 8.41792482188395e-05 0.999860513575223 3.32091950094644e-06 9.80810551740685 -1 -1 -1
1.505425 1.175233 0.9995838 1.296834 1.58899583589731 0.000133752943010854 0.999783319826344 3.68412071554611e-06 10.6105678973307 -1 -1 -1
1.520225 1.100237 1.015546 1.257603 0.851937542202454 0.00429600243417857 0.994867737094561 0.000262099680412575 4.28307893872261 -1 -1 -1
1.001336 1.484194 0.6789122 1.469253 0.170694984640718 0.4437659740448 0.554854947328568 0.000121021702943835 18.5862953186035 -1 -1 -1
1.153949 1.539146 0.7823843 1.523651 0.249876230688343 0.283437537650267 0.715046872695287 0.000173363470821641 44.1794141133626 -1 -1 -1
1.1849 1.549993 0.8033695 1.534389 1.21208766979894 0.759693406928669 0.238947038555687 0.000216416860613125 25.3214775085449 -1 -1 -1
1.087686 1.22777 0.7374576 1.21541 1.35253857258549 0.623714823079737 0.371010144333061 0.00304971762589527 21.1963178233096 -1 -1 -1
1.354518 1.293599 0.9183716 1.280577 0.513117665462924 0.2870486730879 0.711650588295677 0.000167936630201769 10.6501022685658 -1 -1 -1
1.38222 1.221807 0.9371538 1.209507 0.0737849716326618 0.0597615167498589 0.939800441265106 8.27955175708439e-06 22.1477522850037 -1 -1 -1
1.421439 1.27079 0.963744 1.257996 0.170694984640718 0.119416350126266 0.87928774356842 0.000293876999057829 24.3378078460693 -1 -1 -1
1.503363 1.219327 1.019289 1.207052 0.617853015982937 0.000384227185609883 0.999483657734735 6.86305249583289e-06 8.74949887820653 -1 -1 -1
1.584329 1.272163 1.074185 1.259356 0.374814967296643 0.0301545237307437 0.969498783349991 1.33403612210259e-05 27.4484996795654 -1 -1 -1
1.361039 1.276008 0.922793 1.263163 0.963086674138972 0.469186435784063 0.50884826048728 0.0197396435804905 31.2827486838064 -1 -1 -1
1.309275 1.247314 0.8876964 1.234757 0.750478581257528 0.291268064003242 0.706682961238058 0.000908843282224169 31.8504149788304 -1 -1 -1
1.488074 1.045262 0.9503806 1.21709 0.073785696441273 0.0212877574376762 0.978357493877411 1.33615107813512e-05 23.5628800392151 -1 -1 -1
1.552035 1.031739 0.9912305 1.201343 -0.051153040167027 0.00310077021519343 0.996745347976685 7.78948096661717e-06 14.1602112452189 -1 -1 -1
1.498571 1.048116 0.957085 1.220413 -0.528274294886689 0.0136127518489957 0.986184000968933 1.43222325732495e-06 26.183464050293 -1 -1 -1
1.39825 1.052793 0.8930131 1.225858 -0.528274294886689 0.0288826189935207 0.970753729343414 9.07991034182487e-06 27.2451000213623 -1 -1 -1
1.489841 1.007966 0.9515094 1.173662 -0.528274294886689 0.161321043968201 0.837903141975403 2.7984322514385e-05 23.904052734375 -1 -1 -1
1.570925 1.06299 1.003295 1.237732 -0.528274294886689 0.00457979086786509 0.995273053646088 0 24.019401550293 -1 -1 -1
1.503883 1.021704 0.9604775 1.189659 -0.051153040167027 0.00215876133491596 0.997775872548421 0 18.6351057688395 -1 -1 -1
1.629902 1.100918 1.040962 1.281895 0.374815692105254 0.00096921150907292 0.999015092849731 8.06433541526985e-05 4.78912347555161 -1 -1 -1
1.41245 1.067747 0.902082 1.243271 -0.528274294886689 0.0343678705394268 0.965132892131805 5.96415475229151e-06 19.5523052215576 -1 -1 -1
1.502019 1.088133 0.9592871 1.267008 0.170695709449329 0.0306873001158237 0.968943119049072 1.23912693652528e-06 18.0782875061035 -1 -1 -1
1.410063 1.078428 0.9005581 1.255708 -0.528274294886689 0.00419917004182935 0.995634794235229 3.2350406797832e-09 24.5892810821533 -1 -1 -1
1.470396 1.107386 0.9390904 1.289426 -0.227244299222708 0.27443815767765 0.724664360284805 2.87434550045873e-05 16.2714509963989 -1 -1 -1
1.503565 1.088965 0.960274 1.267977 -0.528274294886689 0.00196577468886971 0.997968256473541 0 18.9168758392334 -1 -1 -1
1.34732 1.14164 0.8604859 1.329311 -0.227244299222708 0.572305843234062 0.412607640028 0.0131643302738667 26.6636753082275 -1 -1 -1
1.616787 1.11959 1.059725 1.215925 -0.528274113684762 4.71284511149861e-05 0.999922275543213 0 11.9173240661621 -1 -1 -1
1.101028 1.465875 0.7307771 1.672695 -0.528275252669745 0.810709357261658 0.135083019733429 0.0507586486637592 28.5058059692383 -1 -1 -1
1.508096 1.030808 1.000957 1.176244 -0.227245257005763 0.0103322644717991 0.989437431097031 1.13787012878674e-05 12.6121950149536 -1 -1 -1
1.359391 1.093806 0.9022585 1.248131 0.249875997713899 0.451197321216265 0.545440872510274 0.00161530334541264 22.7209412256877 -1 -1 -1
1.493403 1.110956 0.9912051 1.267701 1.16192082735877 0.00305825147578227 0.996819151907551 6.06141248305662e-05 5.8535044144611 -1 -1 -1
1.531 1.079166 1.016159 1.231426 -0.227245257005763 0.0184081210754812 0.981302976608276 0 16.8332433700562 -1 -1 -1
1.392982 1.184278 0.9431651 1.255807 1.00320524341907 0.00135992815151386 0.998582804904265 5.12509527700649e-06 10.8307729749119 -1 -1 -1
1.543428 1.140577 1.023348 1.202929 0.976874751536217 0.0156564906355925 0.983929481357336 5.04109930687946e-05 9.07093358039856 -1 -1 -1
