1.043275 1.720692 0.6821845 1.955182 0.97687671887192 0.402106420136988 0.0140469169709831 0.303933786926791 21.2781699895859 -1 -1 -1
1.477345 1.075767 0.9660178 1.222368 0.918884771894233 0.000672804063080028 0.999090611934662 3.32751597704422e-06 8.88742206777845 -1 -1 -1
1.237302 1.401268 0.8263242 1.57656 -0.528273544193407 0.20377279818058 0.64189201593399 0.151737585663795 28.6308097839355 -1 -1 -1
1.298555 1.407311 0.8672311 1.583359 -0.227243548529426 0.261805668473244 0.680716514587402 0.0533709609881043 22.9173955917358 -1 -1 -1
1.208401 1.444867 0.8070228 1.625614 0.0737864471345556 0.370673976838589 0.568516381084919 0.0550525584258139 24.7628746032715 -1 -1 -1
1.244914 1.452698 0.8314075 1.634424 -0.227243548529426 0.368981227278709 0.546843618154526 0.0779590494930744 23.6061954498291 -1 -1 -1
1.243236 1.41475 0.830287 1.591729 -0.528273544193407 0.337548851966858 0.632666409015656 0.02651890181005 25.4643077850342 -1 -1 -1
1.179865 1.399492 0.7879646 1.574563 -0.227243548529426 0.0875474568456411 0.91186910867691 5.31299201611546e-06 22.2378244400024 -1 -1 -1
1.019937 1.48745 0.6811582 1.673524 -0.528273544193407 0.281534075737 0.717169463634491 0.000147750208270736 24.5085792541504 -1 -1 -1
1.152438 1.406869 0.7696481 1.582863 -0.528273544193407 0.224884197115898 0.772522807121277 0.00150531181134284 25.6524410247803 -1 -1 -1
1.219571 1.402531 0.8144823 1.577982 -0.528273544193407 0.384910851716995 0.6070756316185 0.00654513388872147 29.5814723968506 -1 -1 -1
1.521999 1.084714 1.016457 1.220407 0.814149136628799 0.0907072611999783 0.90160244974223 0.00658268502957071 15.2456468235363 -1 -1 -1
1.380557 1.10323 0.9219959 1.241239 -0.227243548529426 0.0106040518730879 0.988980114459991 2.78294746749452e-05 20.1914901733398 -1 -1 -1
1.470497 1.102454 0.9820615 1.240366 -0.528273544193407 0.0107527412474155 0.988804578781128 0 18.6059646606445 -1 -1 -1
1.410379 1.088662 0.941912 1.224849 -0.227243548529426 0.0808469615876675 0.918357163667679 2.04049038075027e-05 12.6083903312683 -1 -1 -1
1.458921 1.078423 0.9743305 1.213329 1.0515100524234 0.0270240478168585 0.971815242579109 0.000146886254745033 15.6707733806811 -1 -1 -1
1.44069 1.120839 0.9621549 1.261051 -0.227243548529426 0.0725785158574581 0.926724225282669 6.21294844904696e-06 6.1002459526062 -1 -1 -1
1.416904 1.101642 0.9462698 1.239453 -0.528273544193407 0.0963952094316483 0.902226090431213 0.000295233796350658 21.4306812286377 -1 -1 -1
1.53769 1.094939 1.026936 1.231911 0.31682449582085 0.00118195706246687 0.997880407742092 0.000198231078164619 12.0472089222499 -1 -1 -1
1.505425 1.113694 1.005388 1.253013 -0.227243548529426 0.0077291326597333 0.991130143404007 2.89093250103178e-05 13.2183465957642 -1 -1 -1
1.506418 1.110884 1.006051 1.249851 -0.528273544193407 0.000952582806348801 0.998905956745148 4.32005208494957e-06 12.096640586853 -1 -1 -1
1.424667 1.085513 0.951454 1.221306 -0.0511522894737443 0.00253717164741829 0.997382740179698 4.33943737713586e-06 11.125794728597 -1 -1 -1
1.462526 1.102029 0.9767385 1.239887 -0.528273544193407 0.0282851606607437 0.97131210565567 2.77333001577063e-05 19.0613327026367 -1 -1 -1
